# Created by Octave 3.6.4, Mon Nov 18 01:16:07 2013 CET <paul@localhost.localdomain>
# name: data
# type: matrix
# rows: 160
# columns: 2
 0.0001564818519404717 48
 0.983674162400727 0.03897030614489652
 0.9717175872239507 0.1149624031274447
 0.9662328875443233 0.1871548952608655
 0.9639429980296381 0.2557377627876153
 0.9627516116946528 0.3208914869380276
 0.9620652950042624 0.3827875248809193
 0.9616565168468998 0.4415887609266663
 0.9614196940640655 0.497449935170126
 0.9612994844274556 0.5505180507014127
 0.9612643715132148 0.6009327604561351
 0.9612953450878061 0.6488267347231214
 0.9613804887144505 0.6943260102767583
 0.9615121665071821 0.7375503220527133
 0.9616854607549677 0.7786134182398707
 0.9618972548717389 0.8176233596176703
 0.9621456655518784 0.8546828039265797
 0.9624296623117811 0.8898892760200436
 0.9627487576092234 0.9233354245088345
 0.9633238730580188 0.9551092655731859
 0.9551092655731859 0.963321915743252
 0.9233354245088345 0.9627468249110571
 0.8898892760200436 0.9624276986428612
 0.8546828039265797 0.9621436660987693
 0.8176233596176703 0.9618952134695515
 0.7786134182398707 0.9616833696156982
 0.7375503220527133 0.9615100157933849
 0.6943260102767583 0.9613782659166684
 0.6488267347231214 0.9612930341107577
 0.6009327604561351 0.9612619513022113
 0.5505180507014127 0.9612969268374971
 0.497449935170126 0.9614169604229592
 0.4415887609266663 0.961653552145058
 0.3827875248809193 0.9620620174960194
 0.3208914869380276 0.9627478929656085
 0.2557377627876153 0.9639386217133556
 0.1871548952608655 0.9662274594479912
 0.1149624031274447 0.9717104625650456
 0.05879614598447354 0.9551092655731859
 0.05905992574206106 0.9233354245088345
 0.05860552811482421 0.8898892760200436
 0.05784445269852209 0.8546828039265797
 0.05675128841668183 0.8176233596176703
 0.05527265357998224 0.7786134182398707
 0.05332522991881529 0.7375503220527133
 0.0507879045982139 0.6943260102767583
 0.04748628906740296 0.6488267347231214
 0.04316517672345452 0.6009327604561351
 0.03897030614489652 0.5632426469370867
 0.000324469564021098 36
 0.1397416386737878 0.9852944145843195
 0.1871548952608655 0.9786079289467084
 0.2557377627876153 0.9736103643887009
 0.3208914869380276 0.9709968753756204
 0.3827875248809193 0.9694799954851511
 0.4415887609266663 0.9685657101851513
 0.497449935170126 0.968024616375769
 0.5505180507014127 0.9677363599093813
 0.6009327604561351 0.9676323101079179
 0.6488267347231214 0.9676709895396494
 0.6943260102767583 0.9678263243688957
 0.7375503220527133 0.9680815365715925
 0.7786134182398707 0.968425752157295
 0.8176233596176703 0.9688520121661073
 0.8546828039265797 0.9693560465546458
 0.8898892760200436 0.9699354658952783
 0.9233354245088345 0.9705891231673343
 0.9551092655731859 0.9715345659133182
 0.9715384805428519 0.9551092655731859
 0.9705930403732113 0.9233354245088345
 0.9699394440349403 0.8898892760200436
 0.96936009604976 0.8546828039265797
 0.9688561463671694 0.8176233596176703
 0.9684299879630842 0.7786134182398707
 0.9680858953797484 0.7375503220527133
 0.9678308334530358 0.6943260102767583
 0.967675684064612 0.6488267347231214
 0.9676372361534687 0.6009327604561351
 0.9677415791559256 0.5505180507014127
 0.9680302136557074 0.497449935170126
 0.9685718062424765 0.4415887609266663
 0.9694867698079324 0.3827875248809193
 0.9710046099741321 0.3208914869380276
 0.9736195345545297 0.2557377627876153
 0.9786194014043679 0.1871548952608655
 0.9852944145843195 0.1398169827687542
 0.0004924572761017243 34
 0.2343756764112257 0.9852944145843195
 0.2557377627876153 0.983282107064046
 0.3208914869380276 0.9792458577856322
 0.3827875248809193 0.9768979734742828
 0.4415887609266663 0.9754778682252445
 0.497449935170126 0.9746322723285789
 0.5505180507014127 0.9741757929812656
 0.6009327604561351 0.9740026689136246
 0.6488267347231214 0.9740489449685409
 0.6943260102767583 0.9742743828211229
 0.7375503220527133 0.9746530573498
 0.7786134182398707 0.9751681346988916
 0.8176233596176703 0.975808810862663
 0.8546828039265797 0.9765684270105223
 0.8898892760200436 0.9774432331476955
 0.9233354245088345 0.9784314214236115
 0.9551092655731859 0.9797472160833843
 0.9797530880276848 0.9551092655731859
 0.978437323137199 0.9233354245088345
 0.9774492257580993 0.8898892760200436
 0.9765745265476415 0.8546828039265797
 0.9758150378626 0.8176233596176703
 0.9751745151712007 0.7786134182398707
 0.9746596242523149 0.7375503220527133
 0.9742811781916212 0.6943260102767583
 0.9740560230414179 0.6488267347231214
 0.9740101007937227 0.6009327604561351
 0.9741836738843955 0.5505180507014127
 0.9746407332473493 0.497449935170126
 0.9754870956380532 0.4415887609266663
 0.9769082446116024 0.3827875248809193
 0.9792576082536112 0.3208914869380276
 0.9832960710794213 0.2557377627876153
 0.9852944145843195 0.2345231048773434
 0.0006604449881823507 14
 0.3623078023975712 0.9852944145843195
 0.3827875248809193 0.9843159514634146
 0.4415887609266663 0.9823900262653378
 0.497449935170126 0.9812399282813887
 0.5505180507014127 0.9806152260531497
 0.6009327604561351 0.9803730277193314
 0.6488267347231214 0.9804269003974324
 0.6943260102767583 0.9807224412733502
 0.7375503220527133 0.9812245781280075
 0.7786134182398707 0.9819105172404884
 0.8176233596176703 0.9827656095592188
 0.8546828039265797 0.9837808074663986
 0.8898892760200436 0.9849510004001127
 0.8988560025979951 0.9852944145843195
 0.0006604449881823507 2
 0.9580560432416335 0.9852944145843195
 0.9852944145843195 0.958063216511388
 0.0006604449881823507 14
 0.9852944145843195 0.3625985622439294
 0.9843297194152724 0.3827875248809193
 0.98240238503363 0.4415887609266663
 0.9812512528389913 0.497449935170126
 0.9806257686128655 0.5505180507014127
 0.9803829654339768 0.6009327604561351
 0.9804363620182238 0.6488267347231214
 0.9807315229302066 0.6943260102767583
 0.9812333531248814 0.7375503220527133
 0.9819190423793172 0.7786134182398707
 0.9827739293580305 0.8176233596176703
 0.983788957045523 0.8546828039265797
 0.9849590074812584 0.8898892760200436
 0.9852944145843195 0.8986499621495023
 0.000828432700262977 2
 0.9671355003558622 0.9852944145843195
 0.9852944145843195 0.9671402825356985
 0.0009964204123436033 2
 0.9762149574700909 0.9852944145843195
 0.9852944145843195 0.9762173485600091


