# Created by Octave 3.6.4, Mon Nov 18 19:25:22 2013 CET <paul@localhost.localdomain>
# name: data
# type: matrix
# rows: 190
# columns: 2
 0.0004352943785487546 2
 0.05899948545793305 0.0569201629957764
 0.0569201629957764 0.05899948545793281
 0.0004352943785487546 38
 0.8364683738720952 0.0569201629957764
 0.8635047671179544 0.07874648648383335
 0.8909946163977118 0.1131038875569827
 0.9157354807494935 0.1644640221307686
 0.9159627689171135 0.1650684726877515
 0.9211261254150306 0.2624019514105292
 0.9157354807494935 0.2995414175676923
 0.9079470826789769 0.3500020822610291
 0.8909946163977118 0.3988641281884364
 0.8789645933735509 0.428842200026479
 0.8635047671179544 0.4553083434390817
 0.8329604901404463 0.4997360759674354
 0.8329170771150394 0.4997983060153839
 0.7990224046098816 0.5404009220276723
 0.7780026744557251 0.5636588014053983
 0.761313420687032 0.5807713137560855
 0.7207594847078554 0.6211332472564113
 0.7194145496616435 0.6224522324178677
 0.672860248522323 0.6691388037325177
 0.6691388037325133 0.672860248522323
 0.6224522324177718 0.7194145496616435
 0.6211332472564113 0.7207594847077547
 0.5807713137558337 0.761313420687032
 0.5636588014053983 0.7780026744555004
 0.540400922027503 0.7990224046098816
 0.4997983060153839 0.8329170771149949
 0.4997360759673718 0.8329604901404463
 0.455308343439181 0.8635047671179544
 0.428842200026479 0.878964593373651
 0.3988641281885756 0.8909946163977118
 0.3500020822610291 0.9079470826789703
 0.2995414175675747 0.9157354807494935
 0.2624019514105292 0.921126125415011
 0.1650684726877515 0.9159627689170535
 0.1644640221309278 0.9157354807494935
 0.1131038875570848 0.8909946163977118
 0.07874648648388591 0.8635047671179544
 0.0569201629957764 0.8364683738720654
 0.001110517535488361 4
 0.1913998263230791 0.0569201629957764
 0.1650684726877515 0.06350002222386196
 0.06350002222385701 0.1650684726877515
 0.0569201629957764 0.191399826323066
 0.001110517535488361 34
 0.6074270947227585 0.0569201629957764
 0.6211332472564113 0.05980990701108693
 0.672860248522323 0.07471099623719521
 0.7194145496616435 0.09462196242445389
 0.761313420687032 0.1209519209579848
 0.7990224046098816 0.1558069865787855
 0.8070381457290555 0.1650684726877515
 0.8237276486064711 0.2624019514105292
 0.8060856604667449 0.3500020822610291
 0.7990224046098816 0.3655972957371068
 0.7691910252273338 0.428842200026479
 0.761313420687032 0.4405658478643754
 0.7196107503345737 0.4997983060153839
 0.7194145496616435 0.5000322222801604
 0.672860248522323 0.5549689384621467
 0.6652610193291372 0.5636588014053983
 0.6211332472564113 0.6098531768859107
 0.6098531768859107 0.6211332472564113
 0.5636588014053983 0.6652610193290481
 0.5549689384620202 0.672860248522323
 0.5000322222798691 0.7194145496616435
 0.4997983060153839 0.7196107503343292
 0.440565847864078 0.761313420687032
 0.428842200026479 0.7691910252271639
 0.3655972957367429 0.7990224046098816
 0.3500020822610291 0.8060856604665707
 0.2624019514105292 0.823727648606341
 0.1650684726877515 0.8070381457289881
 0.1558069865788582 0.7990224046098816
 0.1209519209580279 0.761313420687032
 0.09462196242448731 0.7194145496616435
 0.07471099623720782 0.672860248522323
 0.05980990701109434 0.6211332472564113
 0.0569201629957764 0.6074270947227233
 0.001785740692427968 37
 0.1148111054943091 0.1650684726877515
 0.1650684726877515 0.1148111054943115
 0.2624019514105292 0.08301927695083848
 0.3500020822610291 0.07491991066074669
 0.428842200026479 0.07634873063490676
 0.4997983060153839 0.08392432771725424
 0.5636588014053983 0.09687785111780572
 0.6211332472564113 0.1154693227217874
 0.672860248522323 0.1405933854110925
 0.7088060392706005 0.1650684726877515
 0.7194145496616435 0.1930093336872641
 0.7408928965017448 0.2624019514105292
 0.7244926487092966 0.3500020822610291
 0.7194145496616435 0.3604676348186062
 0.6861089374510867 0.428842200026479
 0.672860248522323 0.447674844844542
 0.6351588697263212 0.4997983060153839
 0.6211332472564113 0.5159717542181288
 0.5776771830636862 0.5636588014053983
 0.5636588014053983 0.5776771830636862
 0.5159717542180376 0.6211332472564113
 0.4997983060153839 0.6351588697262082
 0.447674844844238 0.672860248522323
 0.428842200026479 0.6861089374508385
 0.3604676348181235 0.7194145496616435
 0.3500020822610291 0.7244926487090705
 0.2624019514105292 0.7408928965015307
 0.1930093336876209 0.7194145496616435
 0.1650684726877515 0.7088060392705257
 0.1405933854111118 0.672860248522323
 0.1154693227218055 0.6211332472564113
 0.09687785111782379 0.5636588014053983
 0.08392432771726986 0.4997983060153839
 0.07634873063492276 0.428842200026479
 0.07491991066075183 0.3500020822610291
 0.08301927695083972 0.2624019514105292
 0.1148111054943091 0.1650684726877515
 0.002460963849367575 29
 0.166923989452419 0.1650684726877515
 0.2624019514105292 0.1229129393367445
 0.3500020822610291 0.112397443372693
 0.428842200026479 0.1150491712408266
 0.4997983060153839 0.1261991214866579
 0.5636588014053983 0.1447768286683276
 0.6093816841324565 0.1650684726877515
 0.6211332472564113 0.1811603135241976
 0.6634833147854421 0.2624019514105292
 0.6508993879280854 0.3500020822610291
 0.6211332472564113 0.4097354738064265
 0.6114397527969 0.428842200026479
 0.5636588014053983 0.4918326066654706
 0.557066918934165 0.4997983060153839
 0.4997983060153839 0.5570669189341297
 0.4918326066654122 0.5636588014053983
 0.428842200026479 0.6114397527967513
 0.4097354738061348 0.6211332472564113
 0.3500020822610291 0.6508993879279261
 0.2624019514105292 0.66348331478532
 0.1811603135242906 0.6211332472564113
 0.1650684726877515 0.6093816841323978
 0.1447768286683579 0.5636588014053983
 0.126199121486687 0.4997983060153839
 0.1150491712408523 0.428842200026479
 0.112397443372696 0.3500020822610291
 0.1229129393367451 0.2624019514105292
 0.1650684726877515 0.166923989452419
 0.166923989452419 0.1650684726877515
 0.003136187006307182 25
 0.2572790455238477 0.1650684726877515
 0.2624019514105292 0.1628066017226505
 0.3500020822610291 0.1498749760846392
 0.428842200026479 0.1537496118467464
 0.4844754510422154 0.1650684726877515
 0.4997983060153839 0.1727285537388424
 0.5636588014053983 0.232297820172978
 0.5845984827560788 0.2624019514105292
 0.5779413716850456 0.3500020822610291
 0.5636588014053983 0.3781972984589005
 0.5363180087633763 0.428842200026479
 0.4997983060153839 0.4728969388783348
 0.4728969388783112 0.4997983060153839
 0.428842200026479 0.5363180087632878
 0.3781972984587162 0.5636588014053983
 0.3500020822610291 0.5779413716849519
 0.2624019514105292 0.5845984827559637
 0.2322978201731239 0.5636588014053983
 0.1727285537389386 0.4997983060153839
 0.1650684726877515 0.4844754510420278
 0.1537496118467818 0.428842200026479
 0.1498749760846401 0.3500020822610291
 0.1628066017226505 0.2624019514105292
 0.1650684726877515 0.2572790455238477
 0.2572790455238477 0.1650684726877515
 0.003811410163246789 13
 0.2347638387118614 0.2624019514105292
 0.2624019514105292 0.2347638387118614
 0.3500020822610291 0.2087835744300057
 0.428842200026479 0.2223767926740337
 0.4924626689089481 0.2624019514105292
 0.4973996469335338 0.3500020822610291
 0.4479768831350426 0.428842200026479
 0.428842200026479 0.4479768831350254
 0.3500020822610291 0.4973996469334478
 0.2624019514105292 0.4924626689087787
 0.2223767926741293 0.428842200026479
 0.2087835744300165 0.3500020822610291
 0.2347638387118614 0.2624019514105292


